;impulsive phase coords
;raster 174, t = 17:47:10

;hmidiff[64]
512.73752       271.09688
514.328		259.00056
516.374		258.40742
518.500		264.00000
520.361		258.25586
522.409		257.75272
524.410		257.85586
526.404		259.76526

;diff2832[167]
512.290		272.72481
514.328		260.41056
516.374		259.90742
518.500		264.00000
520.361		259.65586
522.409		259.15272
524.410		259.35586
526.404		261.16526

;submg[666]
512.290		272.62481
514.328		260.31056
516.374		259.80742
518.500		264.00000
520.361		259.55586
522.409		259.05272
524.410		259.25586
526.404		261.06526

;map1400[500]
512.290		272.62481
514.328		260.31056
516.374		259.80742
518.500		264.00000
520.361		259.55586
522.409		259.05272
524.410		259.25586
526.404		261.06526	